Name	1	2	3	4	5	6	7	8	9	10	11	12	13	14	15	16	17	18	19	20	21	22	23	24
A	0	1	1	1	1	1	0	1	0	0	0	0	1	1	0	1	0	0	0	0	1	1	1	0
B	0	1	1	1	0	1	0	1	1	1	0	1	1	1	1	0	1	0	1	0	1	1	1	0
C	0	1	0	0	0	1	1	1	0	0	0	0	0	1	0	0	1	0	0	0	1	1	1	0
D	1	1	1	1	1	1	1	1	1	1	1	1	1	1	1	1	1	1	1	1	1	1	1	1
E	0	1	1	1	0	1	1	1	1	0	0	0	0	1	1	0	0	0	0	1	1	1	0	1
F	0	1	1	1	0	1	0	0	1	1	0	1	1	1	1	0	1	1	1	1	1	1	1	1
G	1	0	0	1	0	1	0	0	1	0	0	1	1	0	1	1	0	0	1	0	1	1	1	0
H	0	1	1	0	1	0	1	0	1	0	0	0	1	1	0	1	0	0	0	1	1	1	1	0
I	0	1	0	1	0	1	0	0	1	0	0	1	0	1	1	0	1	0	0	0	1	1	1	0
J	1	1	1	0	0	1	0	1	0	0	0	1	1	1	0	0	1	1	0	0	0	1	1	0
K	0	1	1	1	1	1	0	1	0	0	0	1	1	0	1	0	1	1	0	1	1	1	1	1
L	0	1	1	1	0	1	1	1	0	0	0	1	0	0	0	0	0	0	0	0	1	0	1	0
M	0	0	0	0	1	0	0	0	0	0	0	1	1	1	1	0	1	0	0	1	1	0	1	1
N	0	1	1	1	1	1	0	1	0	0	0	1	1	1	1	0	1	0	0	1	0	0	1	0
O	0	1	1	0	0	1	0	0	1	0	0	1	1	1	1	1	0	0	0	0	1	1	1	0
P	0	1	0	0	0	1	0	0	0	0	0	1	0	1	1	0	0	0	0	0	1	1	1	0
Q	1	1	0	0	1	0	1	0	1	0	1	1	1	1	1	1	0	0	1	1	1	0	1	0
R	1	1	0	1	0	1	1	1	1	0	0	0	1	0	1	1	1	1	1	1	1	1	1	1
S	0	0	1	1	0	1	0	1	1	1	1	1	1	1	0	0	0	1	0	0	1	0	1	0
T	1	1	1	1	0	1	0	0	0	0	1	1	1	1	0	0	1	0	0	0	1	0	1	0
U	1	1	1	1	1	1	1	0	0	0	0	0	1	1	1	1	1	0	0	1	1	1	0	0
V	1	1	1	0	1	1	1	0	0	0	0	1	1	1	0	1	1	0	1	0	0	1	1	1
W	0	1	1	1	0	1	0	1	1	0	0	1	1	1	1	1	1	0	0	0	1	0	1	0
X	0	1	0	1	1	1	0	1	1	0	0	0	0	1	1	0	1	0	1	0	1	1	1	1
Y	0	1	0	1	0	1	1	0	1	0	0	0	1	1	1	0	0	0	0	0	1	1	1	0
Z	0	1	0	0	0	1	1	1	1	0	0	1	1	1	0	1	1	1	0	0	1	1	1	1
AA	1	1	0	0	0	1	0	0	0	0	0	1	1	1	1	0	0	0	0	0	1	1	1	0
AB	1	1	1	1	1	1	0	1	1	0	0	1	0	1	0	0	1	0	0	0	1	0	1	0
AC	0	1	1	0	0	0	1	0	0	0	0	0	1	1	1	0	1	0	1	1	1	0	1	1
AD	1	1	0	0	1	1	1	1	1	0	1	1	1	1	1	1	0	0	1	1	1	1	1	0
AE	0	1	1	1	0	1	0	1	1	0	0	1	1	1	1	1	1	0	1	0	1	1	1	1
AF	0	1	0	1	0	1	0	0	0	0	0	1	1	1	1	1	1	0	0	1	1	1	1	0
AG	1	1	1	1	0	1	0	1	1	0	0	0	0	0	0	1	0	0	0	1	1	0	0	0
AH	1	0	1	1	1	1	1	1	1	0	0	0	0	1	0	0	1	0	0	0	1	1	1	0
AI	0	1	1	1	0	1	1	0	1	0	0	0	0	1	1	1	1	0	0	0	1	0	1	0
AK	0	1	1	1	1	1	1	1	1	0	1	0	1	1	0	0	1	1	1	0	0	0	1	1
AL	0	0	0	1	0	0	0	0	1	0	1	1	0	0	1	0	1	0	1	0	1	1	1	0
AM	1	1	0	1	0	1	0	1	1	0	0	0	0	1	1	1	0	1	1	0	1	0	1	0
AN	0	1	1	0	1	1	0	1	0	0	1	0	1	1	0	0	1	1	1	0	1	1	1	1
AO	0	1	1	0	0	1	1	0	0	0	0	1	1	0	1	0	1	1	0	0	1	1	1	1
AP	0	1	1	1	0	1	0	0	1	0	0	1	0	1	1	1	1	0	1	0	1	1	1	0
AQ	0	1	0	1	1	1	1	0	0	0	0	0	0	1	0	0	0	0	1	0	0	1	1	0
AR	0	1	0	1	0	1	0	0	0	0	0	0	1	1	1	1	1	0	0	1	1	1	1	0
AS	0	1	1	1	1	1	1	1	1	0	1	0	1	1	1	1	1	0	0	0	1	1	1	0
AT	0	0	1	1	1	1	1	0	1	0	1	1	1	0	0	1	1	1	1	0	1	1	1	1
AU	0	0	0	1	0	1	0	1	1	0	0	0	1	1	1	0	1	0	0	0	1	1	1	0
AV	0	1	1	1	1	1	0	1	1	0	0	0	1	1	1	1	0	0	0	0	1	1	1	0
AW	0	1	0	1	0	1	0	0	0	0	0	1	0	1	1	0	0	0	0	1	1	1	1	0
AX	0	0	1	1	1	1	0	0	1	0	0	1	1	1	1	1	1	1	0	0	1	1	1	0
AY	1	1	1	1	1	1	0	1	0	0	0	1	0	1	0	0	1	0	0	0	1	0	1	0
AZ	0	1	1	1	1	1	1	1	1	0	0	0	1	1	1	1	0	0	0	0	1	0	1	1
BA	0	1	1	1	0	0	1	0	0	1	0	1	1	1	0	0	1	0	0	1	0	0	1	1
BB	1	1	0	1	0	1	1	1	1	1	0	1	1	1	1	1	0	1	0	0	1	1	1	0
BC	1	1	0	1	1	1	0	1	0	0	0	1	0	1	1	1	1	1	1	0	1	1	1	0
BD	0	1	0	0	0	1	0	0	1	0	0	1	1	1	1	0	1	0	1	0	1	1	1	0
BE	0	1	0	1	0	1	0	0	0	0	0	1	0	1	1	0	1	0	0	0	1	1	1	0
BF	0	1	1	1	1	1	0	0	1	0	0	1	1	1	1	1	1	0	0	0	1	1	1	0
BG	0	1	0	1	0	1	0	0	0	0	0	0	0	1	1	1	0	0	0	0	1	1	1	1
